16 4
-0.5864963150833535 -0.40455888232518844 -1.0794475576558142 -0.36787179497234745
-0.6594670940089427 0.4514607503260677 0.008699819975479917 -0.5839352849311807
-0.15484868486444647 0.7909060893245345 -0.4710053641462454 -0.13186926103823715
0.5207833563099017 0.16937492665034204 -0.21025951449289387 -0.7968299109283306
-1.24465439488673 -0.7039140500711424 -0.8686727611080161 -0.6303595449412547
-0.15308411425219393 0.8657713725514528 -0.19827085249472165 -0.13231616910671998
-1.0551248235004864 -0.2437998578244083 -1.1651336907015035 -0.132177520967019
0.6976161404391591 -0.4205198286479353 -0.3371354951327351 -1.161894910270228
-0.7145359176038273 -0.411926196024194 -0.5748062454179088 -0.7697272455602769
-0.37890809411611 0.22143305896580096 -0.5443561013835786 -0.36371206056659156
0.5207211930350376 0.7906748830974273 -0.49211948086369534 -0.18432451963032884
0.06089630966061731 -1.0158171630113517 -1.28676008057233 -0.9293739215491993
0.6581479489308752 0.08632695447967652 -0.6594825651168073 -0.5368325786836585
0.21422717834085128 -0.0434864066603418 0.24870915075517994 -1.198346551004739
-0.43121178461988785 0.7601801125944849 -0.6490757224963881 0.06287150296552341
-0.5352735707130507 0.91346487877996 -0.37479563656889614 -0.07515972759246556
-0.06542860318933344
0.15608146543770857
-1.5541337447334085
-1.7973788558588912
