16 4
-0.4893604007805595 -0.4077008804112139 -0.9448495185211458 -1.1527413556045232
-1.5809006877868532 -0.80043337728119 -0.8265163456258607 -0.6245718518512149
-1.619854091801451 0.4120509529692651 -0.28410759897605986 -1.0794911525060202
-0.7503811702536924 0.26877387360385663 -0.5431116733601804 -0.9944776146443659
-0.9599465037697823 0.6223445538529856 -0.34556479237872295 -0.4424719539415142
-1.028084551993606 -0.7261539136131698 -0.9470642386741464 -1.2354976493358187
-1.5486902924315153 0.17231971426444243 -0.39129802440058337 0.594503480981772
-1.627953260649002 -0.3423173730425698 -0.6591594247194594 -1.5784502009771857
-1.0342210331733257 0.9679512489814356 -0.145865720156026 -0.6567437787364239
-0.6345150729682685 0.2577558884699781 -0.5791389881781139 -0.7376198947924815
-0.8010687136022784 -0.9999365504690559 -1.1680322284169389 0.11171456386881518
-0.1862581287452555 1.4532561022749206 -0.1476231343049612 -1.8373721176902078
0.04169816573460794 1.2202460766033199 -0.26847526483425976 -0.46034564988776594
-1.055471083526039 -0.09025199074919266 -0.6351480039739279 1.8233049265743557
-0.42422361576416906 -0.11142503683357442 -0.835549986515526 -1.2933923365660915
-0.5049530185685418 -0.3775767466499252 -0.9151686960599498 1.933150484944117
2.0854144906699243
-0.03635644384789913
1.4511047679923237
-0.0016104651215274601
